.Random.seed <-
c(403L, 62L, -707735004L, 1050538102L, -617105418L, -172979722L, 
316720450L, -149504831L, -1782227111L, -1457893413L, 2103067194L, 
1421984338L, -890935414L, -618270526L, 1446842612L, -1877919162L, 
-1342215474L, 259782909L, -1161853338L, 1489669759L, -1486147171L, 
1857393138L, 276951275L, -1770727709L, 1441928654L, -1262888652L, 
-619487672L, 1150303329L, 72030215L, -1413041469L, -389178735L, 
1122690435L, 1974351095L, 1639993932L, -182496559L, -1123314586L, 
407076010L, -1024168489L, -1486203636L, -463445445L, -480684848L, 
-1407180830L, 78759884L, -193274144L, 640613534L, 286825215L, 
1685755036L, -1241216648L, 1242058230L, -1746031910L, 169571530L, 
-1087193856L, -1817519278L, -800641243L, -841025614L, 1090542411L, 
-1410726056L, -1315396517L, -3854423L, 1101361572L, 5360541L, 
2074175156L, 1083652538L, 361975104L, -985687040L, 1451384276L, 
1633020759L, 563674622L, 1729324720L, 1134939679L, -1834047916L, 
-1435980257L, 1056610910L, 1955838805L, 2054569767L, -1976017369L, 
1530764733L, -1646399315L, -1973025013L, 1035537899L, 1891830389L, 
-1343209316L, -1837256355L, 907681084L, 808433388L, 1538321246L, 
1149647054L, -319202558L, 951399830L, -1783283564L, 25360439L, 
422769849L, 2139040975L, -1802187573L, -1613776274L, -207687192L, 
-302786470L, -782931711L, -1197727441L, 1331107140L, -538009964L, 
1928374333L, 401935420L, 1388312910L, 2106213192L, -282730493L, 
1115800874L, -1767313436L, 1283318825L, -774082068L, -706388664L, 
-1518202456L, 120067351L, -1104148595L, -364218145L, 1715619946L, 
133457221L, 1813798029L, -180193359L, -1769637261L, 1163851291L, 
1602051536L, 1796735615L, 1163775514L, -204998029L, -443191957L, 
226386251L, 615198054L, 1478301976L, 2076992962L, -1088790532L, 
-1014010248L, -2045970350L, -1975762531L, 17599541L, -1396865067L, 
-174836884L, -1855212383L, 135904495L, -2065539181L, -711930131L, 
750267382L, -1330348748L, 2031576918L, 114593973L, -1929491526L, 
1283407602L, -933320519L, -1653372894L, 1756918355L, 1356133862L, 
610970447L, -81055662L, -1019382571L, 1228919623L, -1292378055L, 
1583619977L, -776164056L, -253390696L, 1860574528L, -210833149L, 
564694005L, 1828113882L, 272466802L, -1729967039L, -1104183175L, 
-1893971941L, -317763900L, 106310316L, 51771874L, -1322411107L, 
-1164456842L, -195206214L, -159183469L, 735465386L, -104629595L, 
1047330349L, -768188470L, -1983447407L, 951110469L, 698293855L, 
-1300616422L, -591307857L, 1771896052L, -637541219L, -1821587659L, 
1178250872L, -1936534667L, 97362887L, 845045173L, 1452503550L, 
-675199291L, -634230419L, 870820998L, 1575991968L, -353128356L, 
-1824524812L, 2013932797L, -1686033171L, -456530019L, 821903337L, 
-746265652L, -913273237L, 362787984L, 2006042278L, 1236330935L, 
685740624L, 281895275L, 1838960428L, 1088785355L, -261528573L, 
-348949981L, 1397154834L, -1257217049L, 1163441503L, 1860134420L, 
1313771280L, -928427380L, -477820990L, -345500929L, 870861293L, 
972198036L, -2126319089L, -710697556L, 69928741L, -2087505280L, 
723498136L, 1827554481L, 984209097L, -1316462047L, 1773110938L, 
1319142619L, -815616296L, 2018634105L, -233169916L, -425274862L, 
-1499617575L, 1424962899L, 151873092L, -1806456327L, -70784980L, 
186718478L, 2127864530L, 339152125L, -386802565L, -1531432978L, 
283785602L, 1833455751L, 872275624L, -990164634L, 1198885689L, 
949182752L, 802638908L, 82889945L, -1947900384L, 418765417L, 
-1916679796L, -1283051411L, -637594482L, 1676808443L, 1330869757L, 
-1775920348L, -1143961471L, 436758450L, 1566171721L, -425073516L, 
334457838L, -1012597038L, 1933386607L, -2103709931L, 871105902L, 
-753000630L, 1289990779L, -1936423478L, 1213426004L, -937737129L, 
-702689223L, 1863872091L, 576963612L, 294617351L, 686553587L, 
-1748032094L, 1135627219L, 282445358L, 1605890415L, -878642434L, 
1387860810L, 791254560L, 2090724136L, -1144328949L, -1692918483L, 
-678417302L, -883930571L, 1215637841L, 775002465L, 150417862L, 
1593226433L, 15024841L, 1565842178L, 286202390L, 238512267L, 
2044367134L, 1525291289L, -1549160408L, 1710787352L, -894638243L, 
96955182L, 1884708067L, 764135689L, 804679199L, -2022799228L, 
-301868651L, -1075044160L, 1263042365L, 2100483908L, -362857563L, 
1365114082L, 334621247L, -1306400436L, 548876889L, -1156361177L, 
1620595511L, -681068271L, -1173957083L, -1581675606L, -432591026L, 
677979325L, 2113117550L, -2042665813L, 2045965788L, -1728496386L, 
1082145503L, -2059962378L, 489122925L, 1823798727L, -482854450L, 
-223085758L, -913775012L, -1825704178L, -180732662L, -1423983268L, 
1977808591L, -643035546L, 12073874L, 1297264953L, 1008644427L, 
-151342588L, 1881946238L, -1268416963L, -1369955228L, -543491245L, 
-611568931L, 1904939316L, -1167532956L, -1632411778L, 1896227744L, 
-1454479261L, -2106272940L, -799781459L, 318036934L, 1901641351L, 
1452767942L, 1632373258L, 810669967L, -929378523L, 32978381L, 
533547093L, -1031192214L, -100676244L, -114094023L, -372483279L, 
2061937081L, -1534111808L, 2042856303L, 1222797961L, -57596805L, 
1340325394L, -155933907L, -1283655393L, 1005507487L, -99962621L, 
903261086L, -799464726L, -1385748162L, 1590781172L, -1868409659L, 
1755408462L, 405616078L, 1403470898L, 2034499392L, -233350323L, 
531877531L, -1813387083L, 1826223831L, -915869000L, -1528002030L, 
317190600L, 2051881142L, -6575174L, 581400037L, -1824268147L, 
-848945431L, -1858793276L, 1068975904L, -1147142087L, 611533997L, 
-242465025L, 2121411454L, 740172649L, 409773845L, 1871688418L, 
110586595L, 1171323936L, 796537702L, 733742386L, 683199668L, 
137242152L, -1789303769L, 914228364L, -1395688146L, -482488448L, 
1570943861L, -2029410173L, -277368501L, 2013132162L, 459566900L, 
147190969L, -352182444L, 686468896L, -942400900L, -1976576128L, 
400536456L, -398053226L, 580504348L, 1244455691L, 2018751459L, 
734834439L, -513881424L, 1349635100L, 720241852L, 524765810L, 
454706175L, 1406350975L, 493267518L, 945662717L, -1303591182L, 
-1305422461L, 1149529295L, -1391796760L, -840731294L, -1892238825L, 
512477579L, -1407073478L, -1369616353L, 631636391L, 1417633006L, 
284920298L, -701921988L, -65921557L, -835834585L, -777741942L, 
948809607L, -2000163061L, 931446157L, 827567183L, -665505432L, 
598338952L, 546917031L, -1391954794L, -817955653L, -1989410793L, 
-194362445L, 129290731L, -1212152119L, 2092326026L, 874828831L, 
1072179280L, -1845976891L, -148701649L, 2087109950L, 1342028924L, 
-2070750284L, -1071327259L, -552111050L, -1275057358L, 923730055L, 
-1908048475L, 264545048L, -1773581939L, -1658415848L, 776402844L, 
-651688289L, 1679284293L, -1377004114L, -698384554L, -929188988L, 
1767682351L, 779802085L, -341818439L, 1953149406L, -1008736098L, 
-1945844225L, -101314718L, -681568441L, 1607081419L, -385656979L, 
1369246567L, 1175028323L, 634199911L, 568958024L, -11967238L, 
-2088900932L, -1720150253L, 1840344422L, -1091146615L, 1392237415L, 
-1410160715L, -1384403793L, -1970041977L, -924417116L, 198508923L, 
-2126588266L, 1530520852L, 556161245L, -1798361592L, -1290997627L, 
-676730476L, -1147445152L, 2136023467L, -1266455088L, -237496446L, 
-1824890902L, 624592960L, -1005659843L, -1792267878L, -1270465884L, 
318016635L, -1806960393L, -1391486511L, -216693550L, -353133086L, 
2037863577L, -1713164462L, -1704447218L, -196866234L, 988632731L, 
-127403603L, 74521996L, 161089536L, 465612305L, 1782039863L, 
451114900L, 1705668916L, 2014833592L, -150709021L, -1066874081L, 
885158057L, 686485097L, -671447444L, 534115265L, -8466461L, -1634387605L, 
2033843534L, -1507625233L, -871955301L, 95249209L, 690375345L, 
-2089321606L, -588574945L, 991821421L, 680018973L, -451460999L, 
-1325745597L, -1181692432L, 690102687L, -1741332435L, -109229526L, 
1224192859L, -813756537L, -1742105470L, -1325809010L, 142027708L, 
178220538L, -1915337007L, -1807760006L, 87693629L, -1627495033L, 
-1056382209L, 2085074845L, 594386867L, 1945319786L, -1586453783L, 
-1716005242L, 926606081L, 417236415L, 1960642557L, -38228379L, 
-2050201315L, -598325850L, 594137334L, -1750928962L, 59005707L, 
